
Graph 51, order 12.
0 1 1 1 0 0 0 0 0 0 0 0
1 0 1 0 1 0 0 0 0 0 0 0
1 1 0 0 0 1 0 0 0 0 0 0
1 0 0 0 0 0 1 1 0 0 0 0
0 1 0 0 0 0 1 0 1 0 0 0
0 0 1 0 0 0 0 0 0 1 1 0
0 0 0 1 1 0 0 0 0 1 0 0
0 0 0 1 0 0 0 0 1 0 1 0
0 0 0 0 1 0 0 1 0 0 0 1
0 0 0 0 0 1 1 0 0 0 0 1
0 0 0 0 0 1 0 1 0 0 0 1
0 0 0 0 0 0 0 0 1 1 1 0

Graph 52, order 12.
0 1 1 1 0 0 0 0 0 0 0 0
1 0 1 0 1 0 0 0 0 0 0 0
1 1 0 0 0 1 0 0 0 0 0 0
1 0 0 0 0 0 1 1 0 0 0 0
0 1 0 0 0 0 1 0 1 0 0 0
0 0 1 0 0 0 0 0 0 1 1 0
0 0 0 1 1 0 0 0 0 1 0 0
0 0 0 1 0 0 0 0 1 0 0 1
0 0 0 0 1 0 0 1 0 0 0 1
0 0 0 0 0 1 1 0 0 0 1 0
0 0 0 0 0 1 0 0 0 1 0 1
0 0 0 0 0 0 0 1 1 0 1 0

Graph 53, order 12.
0 1 1 1 0 0 0 0 0 0 0 0
1 0 1 0 1 0 0 0 0 0 0 0
1 1 0 0 0 1 0 0 0 0 0 0
1 0 0 0 0 0 1 1 0 0 0 0
0 1 0 0 0 0 1 0 1 0 0 0
0 0 1 0 0 0 0 0 0 1 1 0
0 0 0 1 1 0 0 0 0 1 0 0
0 0 0 1 0 0 0 0 0 1 0 1
0 0 0 0 1 0 0 0 0 0 1 1
0 0 0 0 0 1 1 1 0 0 0 0
0 0 0 0 0 1 0 0 1 0 0 1
0 0 0 0 0 0 0 1 1 0 1 0

Graph 54, order 12.
0 1 1 1 0 0 0 0 0 0 0 0
1 0 1 0 1 0 0 0 0 0 0 0
1 1 0 0 0 1 0 0 0 0 0 0
1 0 0 0 0 0 1 1 0 0 0 0
0 1 0 0 0 0 1 0 1 0 0 0
0 0 1 0 0 0 0 0 0 1 1 0
0 0 0 1 1 0 0 0 0 1 0 0
0 0 0 1 0 0 0 0 0 0 1 1
0 0 0 0 1 0 0 0 0 0 1 1
0 0 0 0 0 1 1 0 0 0 0 1
0 0 0 0 0 1 0 1 1 0 0 0
0 0 0 0 0 0 0 1 1 1 0 0

Graph 55, order 12.
0 1 1 1 0 0 0 0 0 0 0 0
1 0 1 0 1 0 0 0 0 0 0 0
1 1 0 0 0 1 0 0 0 0 0 0
1 0 0 0 0 0 1 1 0 0 0 0
0 1 0 0 0 0 1 0 1 0 0 0
0 0 1 0 0 0 0 0 0 1 1 0
0 0 0 1 1 0 0 0 0 0 0 1
0 0 0 1 0 0 0 0 1 1 0 0
0 0 0 0 1 0 0 1 0 0 1 0
0 0 0 0 0 1 0 1 0 0 0 1
0 0 0 0 0 1 0 0 1 0 0 1
0 0 0 0 0 0 1 0 0 1 1 0

Graph 56, order 12.
0 1 1 1 0 0 0 0 0 0 0 0
1 0 1 0 1 0 0 0 0 0 0 0
1 1 0 0 0 1 0 0 0 0 0 0
1 0 0 0 0 0 1 1 0 0 0 0
0 1 0 0 0 0 1 0 1 0 0 0
0 0 1 0 0 0 0 0 0 1 1 0
0 0 0 1 1 0 0 0 0 0 0 1
0 0 0 1 0 0 0 0 1 1 0 0
0 0 0 0 1 0 0 1 0 0 0 1
0 0 0 0 0 1 0 1 0 0 1 0
0 0 0 0 0 1 0 0 0 1 0 1
0 0 0 0 0 0 1 0 1 0 1 0

Graph 57, order 12.
0 1 1 1 0 0 0 0 0 0 0 0
1 0 1 0 1 0 0 0 0 0 0 0
1 1 0 0 0 1 0 0 0 0 0 0
1 0 0 0 0 0 1 1 0 0 0 0
0 1 0 0 0 0 1 0 1 0 0 0
0 0 1 0 0 0 0 0 0 1 1 0
0 0 0 1 1 0 0 0 0 0 0 1
0 0 0 1 0 0 0 0 0 1 1 0
0 0 0 0 1 0 0 0 0 1 0 1
0 0 0 0 0 1 0 1 1 0 0 0
0 0 0 0 0 1 0 1 0 0 0 1
0 0 0 0 0 0 1 0 1 0 1 0

Graph 58, order 12.
0 1 1 1 0 0 0 0 0 0 0 0
1 0 1 0 1 0 0 0 0 0 0 0
1 1 0 0 0 1 0 0 0 0 0 0
1 0 0 0 0 0 1 1 0 0 0 0
0 1 0 0 0 0 1 0 1 0 0 0
0 0 1 0 0 0 0 0 0 1 1 0
0 0 0 1 1 0 0 0 0 0 0 1
0 0 0 1 0 0 0 0 0 1 0 1
0 0 0 0 1 0 0 0 0 0 1 1
0 0 0 0 0 1 0 1 0 0 1 0
0 0 0 0 0 1 0 0 1 1 0 0
0 0 0 0 0 0 1 1 1 0 0 0

Graph 59, order 12.
0 1 1 1 0 0 0 0 0 0 0 0
1 0 1 0 1 0 0 0 0 0 0 0
1 1 0 0 0 1 0 0 0 0 0 0
1 0 0 0 0 0 1 1 0 0 0 0
0 1 0 0 0 0 0 0 1 1 0 0
0 0 1 0 0 0 0 0 0 0 1 1
0 0 0 1 0 0 0 1 1 0 0 0
0 0 0 1 0 0 1 0 0 0 1 0
0 0 0 0 1 0 1 0 0 1 0 0
0 0 0 0 1 0 0 0 1 0 0 1
0 0 0 0 0 1 0 1 0 0 0 1
0 0 0 0 0 1 0 0 0 1 1 0

Graph 60, order 12.
0 1 1 1 0 0 0 0 0 0 0 0
1 0 1 0 1 0 0 0 0 0 0 0
1 1 0 0 0 1 0 0 0 0 0 0
1 0 0 0 0 0 1 1 0 0 0 0
0 1 0 0 0 0 0 0 1 1 0 0
0 0 1 0 0 0 0 0 0 0 1 1
0 0 0 1 0 0 0 1 1 0 0 0
0 0 0 1 0 0 1 0 0 0 1 0
0 0 0 0 1 0 1 0 0 0 0 1
0 0 0 0 1 0 0 0 0 0 1 1
0 0 0 0 0 1 0 1 0 1 0 0
0 0 0 0 0 1 0 0 1 1 0 0
