
Graph 61, order 12.
0 1 1 1 0 0 0 0 0 0 0 0
1 0 1 0 1 0 0 0 0 0 0 0
1 1 0 0 0 1 0 0 0 0 0 0
1 0 0 0 0 0 1 1 0 0 0 0
0 1 0 0 0 0 0 0 1 1 0 0
0 0 1 0 0 0 0 0 0 0 1 1
0 0 0 1 0 0 0 0 1 1 0 0
0 0 0 1 0 0 0 0 0 0 1 1
0 0 0 0 1 0 1 0 0 0 1 0
0 0 0 0 1 0 1 0 0 0 0 1
0 0 0 0 0 1 0 1 1 0 0 0
0 0 0 0 0 1 0 1 0 1 0 0

Graph 62, order 12.
0 1 1 1 0 0 0 0 0 0 0 0
1 0 1 0 1 0 0 0 0 0 0 0
1 1 0 0 0 1 0 0 0 0 0 0
1 0 0 0 0 0 1 1 0 0 0 0
0 1 0 0 0 0 0 0 1 1 0 0
0 0 1 0 0 0 0 0 0 0 1 1
0 0 0 1 0 0 0 0 1 0 1 0
0 0 0 1 0 0 0 0 0 1 0 1
0 0 0 0 1 0 1 0 0 0 1 0
0 0 0 0 1 0 0 1 0 0 0 1
0 0 0 0 0 1 1 0 1 0 0 0
0 0 0 0 0 1 0 1 0 1 0 0

Graph 63, order 12.
0 1 1 1 0 0 0 0 0 0 0 0
1 0 1 0 1 0 0 0 0 0 0 0
1 1 0 0 0 1 0 0 0 0 0 0
1 0 0 0 0 0 1 1 0 0 0 0
0 1 0 0 0 0 0 0 1 1 0 0
0 0 1 0 0 0 0 0 0 0 1 1
0 0 0 1 0 0 0 0 1 0 1 0
0 0 0 1 0 0 0 0 0 1 0 1
0 0 0 0 1 0 1 0 0 0 0 1
0 0 0 0 1 0 0 1 0 0 1 0
0 0 0 0 0 1 1 0 0 1 0 0
0 0 0 0 0 1 0 1 1 0 0 0

Graph 64, order 12.
0 1 1 1 0 0 0 0 0 0 0 0
1 0 0 0 1 1 0 0 0 0 0 0
1 0 0 0 1 1 0 0 0 0 0 0
1 0 0 0 1 0 1 0 0 0 0 0
0 1 1 1 0 0 0 0 0 0 0 0
0 1 1 0 0 0 0 1 0 0 0 0
0 0 0 1 0 0 0 0 1 1 0 0
0 0 0 0 0 1 0 0 0 0 1 1
0 0 0 0 0 0 1 0 0 0 1 1
0 0 0 0 0 0 1 0 0 0 1 1
0 0 0 0 0 0 0 1 1 1 0 0
0 0 0 0 0 0 0 1 1 1 0 0

Graph 65, order 12.
0 1 1 1 0 0 0 0 0 0 0 0
1 0 0 0 1 1 0 0 0 0 0 0
1 0 0 0 1 1 0 0 0 0 0 0
1 0 0 0 0 0 1 1 0 0 0 0
0 1 1 0 0 0 1 0 0 0 0 0
0 1 1 0 0 0 0 0 1 0 0 0
0 0 0 1 1 0 0 0 0 1 0 0
0 0 0 1 0 0 0 0 0 0 1 1
0 0 0 0 0 1 0 0 0 0 1 1
0 0 0 0 0 0 1 0 0 0 1 1
0 0 0 0 0 0 0 1 1 1 0 0
0 0 0 0 0 0 0 1 1 1 0 0

Graph 66, order 12.
0 1 1 1 0 0 0 0 0 0 0 0
1 0 0 0 1 1 0 0 0 0 0 0
1 0 0 0 1 1 0 0 0 0 0 0
1 0 0 0 0 0 1 1 0 0 0 0
0 1 1 0 0 0 0 0 1 0 0 0
0 1 1 0 0 0 0 0 0 1 0 0
0 0 0 1 0 0 0 0 1 0 1 0
0 0 0 1 0 0 0 0 0 1 1 0
0 0 0 0 1 0 1 0 0 0 0 1
0 0 0 0 0 1 0 1 0 0 0 1
0 0 0 0 0 0 1 1 0 0 0 1
0 0 0 0 0 0 0 0 1 1 1 0

Graph 67, order 12.
0 1 1 1 0 0 0 0 0 0 0 0
1 0 0 0 1 1 0 0 0 0 0 0
1 0 0 0 1 1 0 0 0 0 0 0
1 0 0 0 0 0 1 1 0 0 0 0
0 1 1 0 0 0 0 0 1 0 0 0
0 1 1 0 0 0 0 0 0 1 0 0
0 0 0 1 0 0 0 0 1 0 1 0
0 0 0 1 0 0 0 0 0 1 0 1
0 0 0 0 1 0 1 0 0 0 0 1
0 0 0 0 0 1 0 1 0 0 1 0
0 0 0 0 0 0 1 0 0 1 0 1
0 0 0 0 0 0 0 1 1 0 1 0

Graph 68, order 12.
0 1 1 1 0 0 0 0 0 0 0 0
1 0 0 0 1 1 0 0 0 0 0 0
1 0 0 0 1 0 1 0 0 0 0 0
1 0 0 0 0 1 0 1 0 0 0 0
0 1 1 0 0 0 0 0 1 0 0 0
0 1 0 1 0 0 0 0 0 1 0 0
0 0 1 0 0 0 0 1 0 0 1 0
0 0 0 1 0 0 1 0 0 0 0 1
0 0 0 0 1 0 0 0 0 1 1 0
0 0 0 0 0 1 0 0 1 0 0 1
0 0 0 0 0 0 1 0 1 0 0 1
0 0 0 0 0 0 0 1 0 1 1 0

Graph 69, order 12.
0 1 1 1 0 0 0 0 0 0 0 0
1 0 0 0 1 1 0 0 0 0 0 0
1 0 0 0 1 0 1 0 0 0 0 0
1 0 0 0 0 1 0 1 0 0 0 0
0 1 1 0 0 0 0 0 1 0 0 0
0 1 0 1 0 0 0 0 0 1 0 0
0 0 1 0 0 0 0 1 0 0 1 0
0 0 0 1 0 0 1 0 0 0 0 1
0 0 0 0 1 0 0 0 0 1 0 1
0 0 0 0 0 1 0 0 1 0 1 0
0 0 0 0 0 0 1 0 0 1 0 1
0 0 0 0 0 0 0 1 1 0 1 0

Graph 70, order 12.
0 1 1 1 0 0 0 0 0 0 0 0
1 0 0 0 1 1 0 0 0 0 0 0
1 0 0 0 1 0 1 0 0 0 0 0
1 0 0 0 0 1 0 1 0 0 0 0
0 1 1 0 0 0 0 0 1 0 0 0
0 1 0 1 0 0 0 0 0 1 0 0
0 0 1 0 0 0 0 1 0 0 1 0
0 0 0 1 0 0 1 0 0 0 0 1
0 0 0 0 1 0 0 0 0 0 1 1
0 0 0 0 0 1 0 0 0 0 1 1
0 0 0 0 0 0 1 0 1 1 0 0
0 0 0 0 0 0 0 1 1 1 0 0
