
Graph 41, order 12.
0 1 1 1 0 0 0 0 0 0 0 0
1 0 1 0 1 0 0 0 0 0 0 0
1 1 0 0 0 1 0 0 0 0 0 0
1 0 0 0 1 0 1 0 0 0 0 0
0 1 0 1 0 0 0 1 0 0 0 0
0 0 1 0 0 0 0 0 1 1 0 0
0 0 0 1 0 0 0 0 0 0 1 1
0 0 0 0 1 0 0 0 0 0 1 1
0 0 0 0 0 1 0 0 0 1 1 0
0 0 0 0 0 1 0 0 1 0 0 1
0 0 0 0 0 0 1 1 1 0 0 0
0 0 0 0 0 0 1 1 0 1 0 0

Graph 42, order 12.
0 1 1 1 0 0 0 0 0 0 0 0
1 0 1 0 1 0 0 0 0 0 0 0
1 1 0 0 0 1 0 0 0 0 0 0
1 0 0 0 0 0 1 1 0 0 0 0
0 1 0 0 0 0 1 1 0 0 0 0
0 0 1 0 0 0 0 0 1 1 0 0
0 0 0 1 1 0 0 0 0 0 1 0
0 0 0 1 1 0 0 0 0 0 0 1
0 0 0 0 0 1 0 0 0 0 1 1
0 0 0 0 0 1 0 0 0 0 1 1
0 0 0 0 0 0 1 0 1 1 0 0
0 0 0 0 0 0 0 1 1 1 0 0

Graph 43, order 12.
0 1 1 1 0 0 0 0 0 0 0 0
1 0 1 0 1 0 0 0 0 0 0 0
1 1 0 0 0 1 0 0 0 0 0 0
1 0 0 0 0 0 1 1 0 0 0 0
0 1 0 0 0 0 1 0 1 0 0 0
0 0 1 0 0 0 1 0 0 1 0 0
0 0 0 1 1 1 0 0 0 0 0 0
0 0 0 1 0 0 0 0 0 0 1 1
0 0 0 0 1 0 0 0 0 0 1 1
0 0 0 0 0 1 0 0 0 0 1 1
0 0 0 0 0 0 0 1 1 1 0 0
0 0 0 0 0 0 0 1 1 1 0 0

Graph 44, order 12.
0 1 1 1 0 0 0 0 0 0 0 0
1 0 1 0 1 0 0 0 0 0 0 0
1 1 0 0 0 1 0 0 0 0 0 0
1 0 0 0 0 0 1 1 0 0 0 0
0 1 0 0 0 0 1 0 1 0 0 0
0 0 1 0 0 0 0 1 1 0 0 0
0 0 0 1 1 0 0 0 0 1 0 0
0 0 0 1 0 1 0 0 0 0 1 0
0 0 0 0 1 1 0 0 0 0 0 1
0 0 0 0 0 0 1 0 0 0 1 1
0 0 0 0 0 0 0 1 0 1 0 1
0 0 0 0 0 0 0 0 1 1 1 0

Graph 45, order 12.
0 1 1 1 0 0 0 0 0 0 0 0
1 0 1 0 1 0 0 0 0 0 0 0
1 1 0 0 0 1 0 0 0 0 0 0
1 0 0 0 0 0 1 1 0 0 0 0
0 1 0 0 0 0 1 0 1 0 0 0
0 0 1 0 0 0 0 1 0 1 0 0
0 0 0 1 1 0 0 0 0 1 0 0
0 0 0 1 0 1 0 0 0 0 1 0
0 0 0 0 1 0 0 0 0 0 1 1
0 0 0 0 0 1 1 0 0 0 0 1
0 0 0 0 0 0 0 1 1 0 0 1
0 0 0 0 0 0 0 0 1 1 1 0

Graph 46, order 12.
0 1 1 1 0 0 0 0 0 0 0 0
1 0 1 0 1 0 0 0 0 0 0 0
1 1 0 0 0 1 0 0 0 0 0 0
1 0 0 0 0 0 1 1 0 0 0 0
0 1 0 0 0 0 1 0 1 0 0 0
0 0 1 0 0 0 0 1 0 1 0 0
0 0 0 1 1 0 0 0 0 0 1 0
0 0 0 1 0 1 0 0 0 0 1 0
0 0 0 0 1 0 0 0 0 1 0 1
0 0 0 0 0 1 0 0 1 0 0 1
0 0 0 0 0 0 1 1 0 0 0 1
0 0 0 0 0 0 0 0 1 1 1 0

Graph 47, order 12.
0 1 1 1 0 0 0 0 0 0 0 0
1 0 1 0 1 0 0 0 0 0 0 0
1 1 0 0 0 1 0 0 0 0 0 0
1 0 0 0 0 0 1 1 0 0 0 0
0 1 0 0 0 0 1 0 1 0 0 0
0 0 1 0 0 0 0 1 0 1 0 0
0 0 0 1 1 0 0 0 0 0 1 0
0 0 0 1 0 1 0 0 0 0 0 1
0 0 0 0 1 0 0 0 0 1 1 0
0 0 0 0 0 1 0 0 1 0 0 1
0 0 0 0 0 0 1 0 1 0 0 1
0 0 0 0 0 0 0 1 0 1 1 0

Graph 48, order 12.
0 1 1 1 0 0 0 0 0 0 0 0
1 0 1 0 1 0 0 0 0 0 0 0
1 1 0 0 0 1 0 0 0 0 0 0
1 0 0 0 0 0 1 1 0 0 0 0
0 1 0 0 0 0 1 0 1 0 0 0
0 0 1 0 0 0 0 1 0 1 0 0
0 0 0 1 1 0 0 0 0 0 1 0
0 0 0 1 0 1 0 0 0 0 0 1
0 0 0 0 1 0 0 0 0 1 0 1
0 0 0 0 0 1 0 0 1 0 1 0
0 0 0 0 0 0 1 0 0 1 0 1
0 0 0 0 0 0 0 1 1 0 1 0

Graph 49, order 12.
0 1 1 1 0 0 0 0 0 0 0 0
1 0 1 0 1 0 0 0 0 0 0 0
1 1 0 0 0 1 0 0 0 0 0 0
1 0 0 0 0 0 1 1 0 0 0 0
0 1 0 0 0 0 1 0 1 0 0 0
0 0 1 0 0 0 0 1 0 1 0 0
0 0 0 1 1 0 0 0 0 0 1 0
0 0 0 1 0 1 0 0 0 0 0 1
0 0 0 0 1 0 0 0 0 0 1 1
0 0 0 0 0 1 0 0 0 0 1 1
0 0 0 0 0 0 1 0 1 1 0 0
0 0 0 0 0 0 0 1 1 1 0 0

Graph 50, order 12.
0 1 1 1 0 0 0 0 0 0 0 0
1 0 1 0 1 0 0 0 0 0 0 0
1 1 0 0 0 1 0 0 0 0 0 0
1 0 0 0 0 0 1 1 0 0 0 0
0 1 0 0 0 0 1 0 1 0 0 0
0 0 1 0 0 0 0 0 0 1 1 0
0 0 0 1 1 0 0 1 0 0 0 0
0 0 0 1 0 0 1 0 0 0 0 1
0 0 0 0 1 0 0 0 0 1 1 0
0 0 0 0 0 1 0 0 1 0 0 1
0 0 0 0 0 1 0 0 1 0 0 1
0 0 0 0 0 0 0 1 0 1 1 0
