
Graph 31, order 12.
0 1 1 1 0 0 0 0 0 0 0 0
1 0 1 0 1 0 0 0 0 0 0 0
1 1 0 0 0 1 0 0 0 0 0 0
1 0 0 0 1 0 1 0 0 0 0 0
0 1 0 1 0 0 0 1 0 0 0 0
0 0 1 0 0 0 1 0 1 0 0 0
0 0 0 1 0 1 0 0 0 1 0 0
0 0 0 0 1 0 0 0 0 0 1 1
0 0 0 0 0 1 0 0 0 0 1 1
0 0 0 0 0 0 1 0 0 0 1 1
0 0 0 0 0 0 0 1 1 1 0 0
0 0 0 0 0 0 0 1 1 1 0 0

Graph 32, order 12.
0 1 1 1 0 0 0 0 0 0 0 0
1 0 1 0 1 0 0 0 0 0 0 0
1 1 0 0 0 1 0 0 0 0 0 0
1 0 0 0 1 0 1 0 0 0 0 0
0 1 0 1 0 0 0 1 0 0 0 0
0 0 1 0 0 0 0 0 1 1 0 0
0 0 0 1 0 0 0 1 0 0 1 0
0 0 0 0 1 0 1 0 0 0 0 1
0 0 0 0 0 1 0 0 0 1 1 0
0 0 0 0 0 1 0 0 1 0 0 1
0 0 0 0 0 0 1 0 1 0 0 1
0 0 0 0 0 0 0 1 0 1 1 0

Graph 33, order 12.
0 1 1 1 0 0 0 0 0 0 0 0
1 0 1 0 1 0 0 0 0 0 0 0
1 1 0 0 0 1 0 0 0 0 0 0
1 0 0 0 1 0 1 0 0 0 0 0
0 1 0 1 0 0 0 1 0 0 0 0
0 0 1 0 0 0 0 0 1 1 0 0
0 0 0 1 0 0 0 1 0 0 1 0
0 0 0 0 1 0 1 0 0 0 0 1
0 0 0 0 0 1 0 0 0 0 1 1
0 0 0 0 0 1 0 0 0 0 1 1
0 0 0 0 0 0 1 0 1 1 0 0
0 0 0 0 0 0 0 1 1 1 0 0

Graph 34, order 12.
0 1 1 1 0 0 0 0 0 0 0 0
1 0 1 0 1 0 0 0 0 0 0 0
1 1 0 0 0 1 0 0 0 0 0 0
1 0 0 0 1 0 1 0 0 0 0 0
0 1 0 1 0 0 0 1 0 0 0 0
0 0 1 0 0 0 0 0 1 1 0 0
0 0 0 1 0 0 0 0 1 1 0 0
0 0 0 0 1 0 0 0 0 0 1 1
0 0 0 0 0 1 1 0 0 0 1 0
0 0 0 0 0 1 1 0 0 0 0 1
0 0 0 0 0 0 0 1 1 0 0 1
0 0 0 0 0 0 0 1 0 1 1 0

Graph 35, order 12.
0 1 1 1 0 0 0 0 0 0 0 0
1 0 1 0 1 0 0 0 0 0 0 0
1 1 0 0 0 1 0 0 0 0 0 0
1 0 0 0 1 0 1 0 0 0 0 0
0 1 0 1 0 0 0 1 0 0 0 0
0 0 1 0 0 0 0 0 1 1 0 0
0 0 0 1 0 0 0 0 1 0 1 0
0 0 0 0 1 0 0 0 1 0 0 1
0 0 0 0 0 1 1 1 0 0 0 0
0 0 0 0 0 1 0 0 0 0 1 1
0 0 0 0 0 0 1 0 0 1 0 1
0 0 0 0 0 0 0 1 0 1 1 0

Graph 36, order 12.
0 1 1 1 0 0 0 0 0 0 0 0
1 0 1 0 1 0 0 0 0 0 0 0
1 1 0 0 0 1 0 0 0 0 0 0
1 0 0 0 1 0 1 0 0 0 0 0
0 1 0 1 0 0 0 1 0 0 0 0
0 0 1 0 0 0 0 0 1 1 0 0
0 0 0 1 0 0 0 0 1 0 1 0
0 0 0 0 1 0 0 0 0 1 1 0
0 0 0 0 0 1 1 0 0 0 0 1
0 0 0 0 0 1 0 1 0 0 0 1
0 0 0 0 0 0 1 1 0 0 0 1
0 0 0 0 0 0 0 0 1 1 1 0

Graph 37, order 12.
0 1 1 1 0 0 0 0 0 0 0 0
1 0 1 0 1 0 0 0 0 0 0 0
1 1 0 0 0 1 0 0 0 0 0 0
1 0 0 0 1 0 1 0 0 0 0 0
0 1 0 1 0 0 0 1 0 0 0 0
0 0 1 0 0 0 0 0 1 1 0 0
0 0 0 1 0 0 0 0 1 0 1 0
0 0 0 0 1 0 0 0 0 1 0 1
0 0 0 0 0 1 1 0 0 0 1 0
0 0 0 0 0 1 0 1 0 0 0 1
0 0 0 0 0 0 1 0 1 0 0 1
0 0 0 0 0 0 0 1 0 1 1 0

Graph 38, order 12.
0 1 1 1 0 0 0 0 0 0 0 0
1 0 1 0 1 0 0 0 0 0 0 0
1 1 0 0 0 1 0 0 0 0 0 0
1 0 0 0 1 0 1 0 0 0 0 0
0 1 0 1 0 0 0 1 0 0 0 0
0 0 1 0 0 0 0 0 1 1 0 0
0 0 0 1 0 0 0 0 1 0 1 0
0 0 0 0 1 0 0 0 0 1 0 1
0 0 0 0 0 1 1 0 0 0 0 1
0 0 0 0 0 1 0 1 0 0 1 0
0 0 0 0 0 0 1 0 0 1 0 1
0 0 0 0 0 0 0 1 1 0 1 0

Graph 39, order 12.
0 1 1 1 0 0 0 0 0 0 0 0
1 0 1 0 1 0 0 0 0 0 0 0
1 1 0 0 0 1 0 0 0 0 0 0
1 0 0 0 1 0 1 0 0 0 0 0
0 1 0 1 0 0 0 1 0 0 0 0
0 0 1 0 0 0 0 0 1 1 0 0
0 0 0 1 0 0 0 0 1 0 1 0
0 0 0 0 1 0 0 0 0 0 1 1
0 0 0 0 0 1 1 0 0 1 0 0
0 0 0 0 0 1 0 0 1 0 0 1
0 0 0 0 0 0 1 1 0 0 0 1
0 0 0 0 0 0 0 1 0 1 1 0

Graph 40, order 12.
0 1 1 1 0 0 0 0 0 0 0 0
1 0 1 0 1 0 0 0 0 0 0 0
1 1 0 0 0 1 0 0 0 0 0 0
1 0 0 0 1 0 1 0 0 0 0 0
0 1 0 1 0 0 0 1 0 0 0 0
0 0 1 0 0 0 0 0 1 1 0 0
0 0 0 1 0 0 0 0 1 0 1 0
0 0 0 0 1 0 0 0 0 0 1 1
0 0 0 0 0 1 1 0 0 0 0 1
0 0 0 0 0 1 0 0 0 0 1 1
0 0 0 0 0 0 1 1 0 1 0 0
0 0 0 0 0 0 0 1 1 1 0 0
