
Graph 71, order 12.
0 1 1 1 0 0 0 0 0 0 0 0
1 0 0 0 1 1 0 0 0 0 0 0
1 0 0 0 1 0 1 0 0 0 0 0
1 0 0 0 0 1 0 1 0 0 0 0
0 1 1 0 0 0 0 0 1 0 0 0
0 1 0 1 0 0 0 0 0 1 0 0
0 0 1 0 0 0 0 0 1 0 1 0
0 0 0 1 0 0 0 0 0 1 1 0
0 0 0 0 1 0 1 0 0 0 0 1
0 0 0 0 0 1 0 1 0 0 0 1
0 0 0 0 0 0 1 1 0 0 0 1
0 0 0 0 0 0 0 0 1 1 1 0

Graph 72, order 12.
0 1 1 1 0 0 0 0 0 0 0 0
1 0 0 0 1 1 0 0 0 0 0 0
1 0 0 0 1 0 1 0 0 0 0 0
1 0 0 0 0 1 0 1 0 0 0 0
0 1 1 0 0 0 0 0 1 0 0 0
0 1 0 1 0 0 0 0 0 1 0 0
0 0 1 0 0 0 0 0 1 0 1 0
0 0 0 1 0 0 0 0 0 1 0 1
0 0 0 0 1 0 1 0 0 0 0 1
0 0 0 0 0 1 0 1 0 0 1 0
0 0 0 0 0 0 1 0 0 1 0 1
0 0 0 0 0 0 0 1 1 0 1 0

Graph 73, order 12.
0 1 1 1 0 0 0 0 0 0 0 0
1 0 0 0 1 1 0 0 0 0 0 0
1 0 0 0 1 0 1 0 0 0 0 0
1 0 0 0 0 1 0 1 0 0 0 0
0 1 1 0 0 0 0 0 1 0 0 0
0 1 0 1 0 0 0 0 0 1 0 0
0 0 1 0 0 0 0 0 1 0 1 0
0 0 0 1 0 0 0 0 0 0 1 1
0 0 0 0 1 0 1 0 0 0 0 1
0 0 0 0 0 1 0 0 0 0 1 1
0 0 0 0 0 0 1 1 0 1 0 0
0 0 0 0 0 0 0 1 1 1 0 0

Graph 74, order 12.
0 1 1 1 0 0 0 0 0 0 0 0
1 0 0 0 1 1 0 0 0 0 0 0
1 0 0 0 1 0 1 0 0 0 0 0
1 0 0 0 0 1 0 1 0 0 0 0
0 1 1 0 0 0 0 0 1 0 0 0
0 1 0 1 0 0 0 0 0 1 0 0
0 0 1 0 0 0 0 0 0 1 1 0
0 0 0 1 0 0 0 0 1 0 1 0
0 0 0 0 1 0 0 1 0 0 0 1
0 0 0 0 0 1 1 0 0 0 0 1
0 0 0 0 0 0 1 1 0 0 0 1
0 0 0 0 0 0 0 0 1 1 1 0

Graph 75, order 12.
0 1 1 1 0 0 0 0 0 0 0 0
1 0 0 0 1 1 0 0 0 0 0 0
1 0 0 0 1 0 1 0 0 0 0 0
1 0 0 0 0 1 0 1 0 0 0 0
0 1 1 0 0 0 0 0 1 0 0 0
0 1 0 1 0 0 0 0 0 1 0 0
0 0 1 0 0 0 0 0 0 1 1 0
0 0 0 1 0 0 0 0 0 0 1 1
0 0 0 0 1 0 0 0 0 0 1 1
0 0 0 0 0 1 1 0 0 0 0 1
0 0 0 0 0 0 1 1 1 0 0 0
0 0 0 0 0 0 0 1 1 1 0 0

Graph 76, order 12.
0 1 1 1 0 0 0 0 0 0 0 0
1 0 0 0 1 1 0 0 0 0 0 0
1 0 0 0 1 0 1 0 0 0 0 0
1 0 0 0 0 0 0 1 1 0 0 0
0 1 1 0 0 0 0 1 0 0 0 0
0 1 0 0 0 0 1 0 0 1 0 0
0 0 1 0 0 1 0 0 0 0 1 0
0 0 0 1 1 0 0 0 0 0 0 1
0 0 0 1 0 0 0 0 0 1 1 0
0 0 0 0 0 1 0 0 1 0 0 1
0 0 0 0 0 0 1 0 1 0 0 1
0 0 0 0 0 0 0 1 0 1 1 0

Graph 77, order 12.
0 1 1 1 0 0 0 0 0 0 0 0
1 0 0 0 1 1 0 0 0 0 0 0
1 0 0 0 1 0 1 0 0 0 0 0
1 0 0 0 0 0 0 1 1 0 0 0
0 1 1 0 0 0 0 1 0 0 0 0
0 1 0 0 0 0 0 0 1 1 0 0
0 0 1 0 0 0 0 0 0 1 1 0
0 0 0 1 1 0 0 0 0 0 0 1
0 0 0 1 0 1 0 0 0 0 1 0
0 0 0 0 0 1 1 0 0 0 0 1
0 0 0 0 0 0 1 0 1 0 0 1
0 0 0 0 0 0 0 1 0 1 1 0

Graph 78, order 12.
0 1 1 1 0 0 0 0 0 0 0 0
1 0 0 0 1 1 0 0 0 0 0 0
1 0 0 0 1 0 1 0 0 0 0 0
1 0 0 0 0 0 0 1 1 0 0 0
0 1 1 0 0 0 0 1 0 0 0 0
0 1 0 0 0 0 0 0 0 1 1 0
0 0 1 0 0 0 0 0 0 1 1 0
0 0 0 1 1 0 0 0 0 0 0 1
0 0 0 1 0 0 0 0 0 1 0 1
0 0 0 0 0 1 1 0 1 0 0 0
0 0 0 0 0 1 1 0 0 0 0 1
0 0 0 0 0 0 0 1 1 0 1 0

Graph 79, order 12.
0 1 1 1 0 0 0 0 0 0 0 0
1 0 0 0 1 1 0 0 0 0 0 0
1 0 0 0 1 0 1 0 0 0 0 0
1 0 0 0 0 0 0 1 1 0 0 0
0 1 1 0 0 0 0 0 0 1 0 0
0 1 0 0 0 0 0 1 0 0 1 0
0 0 1 0 0 0 0 1 0 0 0 1
0 0 0 1 0 1 1 0 0 0 0 0
0 0 0 1 0 0 0 0 0 1 1 0
0 0 0 0 1 0 0 0 1 0 0 1
0 0 0 0 0 1 0 0 1 0 0 1
0 0 0 0 0 0 1 0 0 1 1 0

Graph 80, order 12.
0 1 1 1 0 0 0 0 0 0 0 0
1 0 0 0 1 1 0 0 0 0 0 0
1 0 0 0 1 0 1 0 0 0 0 0
1 0 0 0 0 0 0 1 1 0 0 0
0 1 1 0 0 0 0 0 0 1 0 0
0 1 0 0 0 0 0 1 0 0 1 0
0 0 1 0 0 0 0 1 0 0 0 1
0 0 0 1 0 1 1 0 0 0 0 0
0 0 0 1 0 0 0 0 0 0 1 1
0 0 0 0 1 0 0 0 0 0 1 1
0 0 0 0 0 1 0 0 1 1 0 0
0 0 0 0 0 0 1 0 1 1 0 0

Graph 81, order 12.
0 1 1 1 0 0 0 0 0 0 0 0
1 0 0 0 1 1 0 0 0 0 0 0
1 0 0 0 1 0 1 0 0 0 0 0
1 0 0 0 0 0 0 1 1 0 0 0
0 1 1 0 0 0 0 0 0 1 0 0
0 1 0 0 0 0 0 1 0 0 1 0
0 0 1 0 0 0 0 0 1 0 0 1
0 0 0 1 0 1 0 0 0 0 0 1
0 0 0 1 0 0 1 0 0 0 1 0
0 0 0 0 1 0 0 0 0 0 1 1
0 0 0 0 0 1 0 0 1 1 0 0
0 0 0 0 0 0 1 1 0 1 0 0

Graph 82, order 12.
0 1 1 1 0 0 0 0 0 0 0 0
1 0 0 0 1 1 0 0 0 0 0 0
1 0 0 0 1 0 1 0 0 0 0 0
1 0 0 0 0 0 0 1 1 0 0 0
0 1 1 0 0 0 0 0 0 1 0 0
0 1 0 0 0 0 0 1 0 0 1 0
0 0 1 0 0 0 0 0 0 0 1 1
0 0 0 1 0 1 0 0 0 0 0 1
0 0 0 1 0 0 0 0 0 1 1 0
0 0 0 0 1 0 0 0 1 0 0 1
0 0 0 0 0 1 1 0 1 0 0 0
0 0 0 0 0 0 1 1 0 1 0 0

Graph 83, order 12.
0 1 1 1 0 0 0 0 0 0 0 0
1 0 0 0 1 1 0 0 0 0 0 0
1 0 0 0 1 0 1 0 0 0 0 0
1 0 0 0 0 0 0 1 1 0 0 0
0 1 1 0 0 0 0 0 0 1 0 0
0 1 0 0 0 0 0 0 0 0 1 1
0 0 1 0 0 0 0 0 0 0 1 1
0 0 0 1 0 0 0 0 0 1 1 0
0 0 0 1 0 0 0 0 0 1 0 1
0 0 0 0 1 0 0 1 1 0 0 0
0 0 0 0 0 1 1 1 0 0 0 0
0 0 0 0 0 1 1 0 1 0 0 0

Graph 84, order 12.
0 1 1 1 0 0 0 0 0 0 0 0
1 0 0 0 1 1 0 0 0 0 0 0
1 0 0 0 0 0 1 1 0 0 0 0
1 0 0 0 0 0 0 0 1 1 0 0
0 1 0 0 0 0 1 0 1 0 0 0
0 1 0 0 0 0 0 1 0 1 0 0
0 0 1 0 1 0 0 0 0 0 1 0
0 0 1 0 0 1 0 0 0 0 0 1
0 0 0 1 1 0 0 0 0 0 0 1
0 0 0 1 0 1 0 0 0 0 1 0
0 0 0 0 0 0 1 0 0 1 0 1
0 0 0 0 0 0 0 1 1 0 1 0

Graph 85, order 12.
0 1 1 1 0 0 0 0 0 0 0 0
1 0 0 0 1 1 0 0 0 0 0 0
1 0 0 0 0 0 1 1 0 0 0 0
1 0 0 0 0 0 0 0 1 1 0 0
0 1 0 0 0 0 1 0 1 0 0 0
0 1 0 0 0 0 0 1 0 0 1 0
0 0 1 0 1 0 0 0 0 0 0 1
0 0 1 0 0 1 0 0 0 1 0 0
0 0 0 1 1 0 0 0 0 0 1 0
0 0 0 1 0 0 0 1 0 0 0 1
0 0 0 0 0 1 0 0 1 0 0 1
0 0 0 0 0 0 1 0 0 1 1 0
