
Graph 21, order 12.
0 1 1 1 0 0 0 0 0 0 0 0
1 0 1 1 0 0 0 0 0 0 0 0
1 1 0 0 1 0 0 0 0 0 0 0
1 1 0 0 0 1 0 0 0 0 0 0
0 0 1 0 0 0 1 1 0 0 0 0
0 0 0 1 0 0 0 0 1 1 0 0
0 0 0 0 1 0 0 0 1 0 1 0
0 0 0 0 1 0 0 0 0 1 0 1
0 0 0 0 0 1 1 0 0 0 0 1
0 0 0 0 0 1 0 1 0 0 1 0
0 0 0 0 0 0 1 0 0 1 0 1
0 0 0 0 0 0 0 1 1 0 1 0

Graph 22, order 12.
0 1 1 1 0 0 0 0 0 0 0 0
1 0 1 1 0 0 0 0 0 0 0 0
1 1 0 0 1 0 0 0 0 0 0 0
1 1 0 0 0 1 0 0 0 0 0 0
0 0 1 0 0 0 1 1 0 0 0 0
0 0 0 1 0 0 0 0 1 1 0 0
0 0 0 0 1 0 0 0 1 0 1 0
0 0 0 0 1 0 0 0 0 0 1 1
0 0 0 0 0 1 1 0 0 0 0 1
0 0 0 0 0 1 0 0 0 0 1 1
0 0 0 0 0 0 1 1 0 1 0 0
0 0 0 0 0 0 0 1 1 1 0 0

Graph 23, order 12.
0 1 1 1 0 0 0 0 0 0 0 0
1 0 1 0 1 0 0 0 0 0 0 0
1 1 0 0 0 1 0 0 0 0 0 0
1 0 0 0 1 1 0 0 0 0 0 0
0 1 0 1 0 0 1 0 0 0 0 0
0 0 1 1 0 0 0 1 0 0 0 0
0 0 0 0 1 0 0 0 1 1 0 0
0 0 0 0 0 1 0 0 1 0 1 0
0 0 0 0 0 0 1 1 0 0 0 1
0 0 0 0 0 0 1 0 0 0 1 1
0 0 0 0 0 0 0 1 0 1 0 1
0 0 0 0 0 0 0 0 1 1 1 0

Graph 24, order 12.
0 1 1 1 0 0 0 0 0 0 0 0
1 0 1 0 1 0 0 0 0 0 0 0
1 1 0 0 0 1 0 0 0 0 0 0
1 0 0 0 1 1 0 0 0 0 0 0
0 1 0 1 0 0 1 0 0 0 0 0
0 0 1 1 0 0 0 1 0 0 0 0
0 0 0 0 1 0 0 0 1 1 0 0
0 0 0 0 0 1 0 0 0 0 1 1
0 0 0 0 0 0 1 0 0 1 1 0
0 0 0 0 0 0 1 0 1 0 0 1
0 0 0 0 0 0 0 1 1 0 0 1
0 0 0 0 0 0 0 1 0 1 1 0

Graph 25, order 12.
0 1 1 1 0 0 0 0 0 0 0 0
1 0 1 0 1 0 0 0 0 0 0 0
1 1 0 0 0 1 0 0 0 0 0 0
1 0 0 0 1 1 0 0 0 0 0 0
0 1 0 1 0 0 1 0 0 0 0 0
0 0 1 1 0 0 0 1 0 0 0 0
0 0 0 0 1 0 0 0 1 1 0 0
0 0 0 0 0 1 0 0 0 0 1 1
0 0 0 0 0 0 1 0 0 0 1 1
0 0 0 0 0 0 1 0 0 0 1 1
0 0 0 0 0 0 0 1 1 1 0 0
0 0 0 0 0 0 0 1 1 1 0 0

Graph 26, order 12.
0 1 1 1 0 0 0 0 0 0 0 0
1 0 1 0 1 0 0 0 0 0 0 0
1 1 0 0 0 1 0 0 0 0 0 0
1 0 0 0 1 0 1 0 0 0 0 0
0 1 0 1 0 0 1 0 0 0 0 0
0 0 1 0 0 0 0 1 1 0 0 0
0 0 0 1 1 0 0 0 0 1 0 0
0 0 0 0 0 1 0 0 1 0 1 0
0 0 0 0 0 1 0 1 0 0 0 1
0 0 0 0 0 0 1 0 0 0 1 1
0 0 0 0 0 0 0 1 0 1 0 1
0 0 0 0 0 0 0 0 1 1 1 0

Graph 27, order 12.
0 1 1 1 0 0 0 0 0 0 0 0
1 0 1 0 1 0 0 0 0 0 0 0
1 1 0 0 0 1 0 0 0 0 0 0
1 0 0 0 1 0 1 0 0 0 0 0
0 1 0 1 0 0 1 0 0 0 0 0
0 0 1 0 0 0 0 1 1 0 0 0
0 0 0 1 1 0 0 0 0 1 0 0
0 0 0 0 0 1 0 0 0 0 1 1
0 0 0 0 0 1 0 0 0 0 1 1
0 0 0 0 0 0 1 0 0 0 1 1
0 0 0 0 0 0 0 1 1 1 0 0
0 0 0 0 0 0 0 1 1 1 0 0

Graph 28, order 12.
0 1 1 1 0 0 0 0 0 0 0 0
1 0 1 0 1 0 0 0 0 0 0 0
1 1 0 0 0 1 0 0 0 0 0 0
1 0 0 0 1 0 1 0 0 0 0 0
0 1 0 1 0 0 0 1 0 0 0 0
0 0 1 0 0 0 1 0 1 0 0 0
0 0 0 1 0 1 0 0 0 1 0 0
0 0 0 0 1 0 0 0 1 0 1 0
0 0 0 0 0 1 0 1 0 0 0 1
0 0 0 0 0 0 1 0 0 0 1 1
0 0 0 0 0 0 0 1 0 1 0 1
0 0 0 0 0 0 0 0 1 1 1 0

Graph 29, order 12.
0 1 1 1 0 0 0 0 0 0 0 0
1 0 1 0 1 0 0 0 0 0 0 0
1 1 0 0 0 1 0 0 0 0 0 0
1 0 0 0 1 0 1 0 0 0 0 0
0 1 0 1 0 0 0 1 0 0 0 0
0 0 1 0 0 0 1 0 1 0 0 0
0 0 0 1 0 1 0 0 0 1 0 0
0 0 0 0 1 0 0 0 0 1 1 0
0 0 0 0 0 1 0 0 0 0 1 1
0 0 0 0 0 0 1 1 0 0 0 1
0 0 0 0 0 0 0 1 1 0 0 1
0 0 0 0 0 0 0 0 1 1 1 0

Graph 30, order 12.
0 1 1 1 0 0 0 0 0 0 0 0
1 0 1 0 1 0 0 0 0 0 0 0
1 1 0 0 0 1 0 0 0 0 0 0
1 0 0 0 1 0 1 0 0 0 0 0
0 1 0 1 0 0 0 1 0 0 0 0
0 0 1 0 0 0 1 0 1 0 0 0
0 0 0 1 0 1 0 0 0 1 0 0
0 0 0 0 1 0 0 0 0 0 1 1
0 0 0 0 0 1 0 0 0 1 1 0
0 0 0 0 0 0 1 0 1 0 0 1
0 0 0 0 0 0 0 1 1 0 0 1
0 0 0 0 0 0 0 1 0 1 1 0
