
Graph 11, order 12.
0 1 1 1 0 0 0 0 0 0 0 0
1 0 1 1 0 0 0 0 0 0 0 0
1 1 0 0 1 0 0 0 0 0 0 0
1 1 0 0 0 1 0 0 0 0 0 0
0 0 1 0 0 0 1 1 0 0 0 0
0 0 0 1 0 0 1 0 1 0 0 0
0 0 0 0 1 1 0 0 0 1 0 0
0 0 0 0 1 0 0 0 1 0 1 0
0 0 0 0 0 1 0 1 0 0 0 1
0 0 0 0 0 0 1 0 0 0 1 1
0 0 0 0 0 0 0 1 0 1 0 1
0 0 0 0 0 0 0 0 1 1 1 0

Graph 12, order 12.
0 1 1 1 0 0 0 0 0 0 0 0
1 0 1 1 0 0 0 0 0 0 0 0
1 1 0 0 1 0 0 0 0 0 0 0
1 1 0 0 0 1 0 0 0 0 0 0
0 0 1 0 0 0 1 1 0 0 0 0
0 0 0 1 0 0 1 0 1 0 0 0
0 0 0 0 1 1 0 0 0 1 0 0
0 0 0 0 1 0 0 0 0 1 1 0
0 0 0 0 0 1 0 0 0 0 1 1
0 0 0 0 0 0 1 1 0 0 0 1
0 0 0 0 0 0 0 1 1 0 0 1
0 0 0 0 0 0 0 0 1 1 1 0

Graph 13, order 12.
0 1 1 1 0 0 0 0 0 0 0 0
1 0 1 1 0 0 0 0 0 0 0 0
1 1 0 0 1 0 0 0 0 0 0 0
1 1 0 0 0 1 0 0 0 0 0 0
0 0 1 0 0 0 1 1 0 0 0 0
0 0 0 1 0 0 1 0 1 0 0 0
0 0 0 0 1 1 0 0 0 1 0 0
0 0 0 0 1 0 0 0 0 0 1 1
0 0 0 0 0 1 0 0 0 0 1 1
0 0 0 0 0 0 1 0 0 0 1 1
0 0 0 0 0 0 0 1 1 1 0 0
0 0 0 0 0 0 0 1 1 1 0 0

Graph 14, order 12.
0 1 1 1 0 0 0 0 0 0 0 0
1 0 1 1 0 0 0 0 0 0 0 0
1 1 0 0 1 0 0 0 0 0 0 0
1 1 0 0 0 1 0 0 0 0 0 0
0 0 1 0 0 0 1 1 0 0 0 0
0 0 0 1 0 0 0 0 1 1 0 0
0 0 0 0 1 0 0 1 1 0 0 0
0 0 0 0 1 0 1 0 0 0 1 0
0 0 0 0 0 1 1 0 0 0 0 1
0 0 0 0 0 1 0 0 0 0 1 1
0 0 0 0 0 0 0 1 0 1 0 1
0 0 0 0 0 0 0 0 1 1 1 0

Graph 15, order 12.
0 1 1 1 0 0 0 0 0 0 0 0
1 0 1 1 0 0 0 0 0 0 0 0
1 1 0 0 1 0 0 0 0 0 0 0
1 1 0 0 0 1 0 0 0 0 0 0
0 0 1 0 0 0 1 1 0 0 0 0
0 0 0 1 0 0 0 0 1 1 0 0
0 0 0 0 1 0 0 1 0 0 1 0
0 0 0 0 1 0 1 0 0 0 1 0
0 0 0 0 0 1 0 0 0 1 0 1
0 0 0 0 0 1 0 0 1 0 0 1
0 0 0 0 0 0 1 1 0 0 0 1
0 0 0 0 0 0 0 0 1 1 1 0

Graph 16, order 12.
0 1 1 1 0 0 0 0 0 0 0 0
1 0 1 1 0 0 0 0 0 0 0 0
1 1 0 0 1 0 0 0 0 0 0 0
1 1 0 0 0 1 0 0 0 0 0 0
0 0 1 0 0 0 1 1 0 0 0 0
0 0 0 1 0 0 0 0 1 1 0 0
0 0 0 0 1 0 0 1 0 0 1 0
0 0 0 0 1 0 1 0 0 0 0 1
0 0 0 0 0 1 0 0 0 1 1 0
0 0 0 0 0 1 0 0 1 0 0 1
0 0 0 0 0 0 1 0 1 0 0 1
0 0 0 0 0 0 0 1 0 1 1 0

Graph 17, order 12.
0 1 1 1 0 0 0 0 0 0 0 0
1 0 1 1 0 0 0 0 0 0 0 0
1 1 0 0 1 0 0 0 0 0 0 0
1 1 0 0 0 1 0 0 0 0 0 0
0 0 1 0 0 0 1 1 0 0 0 0
0 0 0 1 0 0 0 0 1 1 0 0
0 0 0 0 1 0 0 1 0 0 1 0
0 0 0 0 1 0 1 0 0 0 0 1
0 0 0 0 0 1 0 0 0 0 1 1
0 0 0 0 0 1 0 0 0 0 1 1
0 0 0 0 0 0 1 0 1 1 0 0
0 0 0 0 0 0 0 1 1 1 0 0

Graph 18, order 12.
0 1 1 1 0 0 0 0 0 0 0 0
1 0 1 1 0 0 0 0 0 0 0 0
1 1 0 0 1 0 0 0 0 0 0 0
1 1 0 0 0 1 0 0 0 0 0 0
0 0 1 0 0 0 1 1 0 0 0 0
0 0 0 1 0 0 0 0 1 1 0 0
0 0 0 0 1 0 0 0 1 1 0 0
0 0 0 0 1 0 0 0 0 0 1 1
0 0 0 0 0 1 1 0 0 0 1 0
0 0 0 0 0 1 1 0 0 0 0 1
0 0 0 0 0 0 0 1 1 0 0 1
0 0 0 0 0 0 0 1 0 1 1 0

Graph 19, order 12.
0 1 1 1 0 0 0 0 0 0 0 0
1 0 1 1 0 0 0 0 0 0 0 0
1 1 0 0 1 0 0 0 0 0 0 0
1 1 0 0 0 1 0 0 0 0 0 0
0 0 1 0 0 0 1 1 0 0 0 0
0 0 0 1 0 0 0 0 1 1 0 0
0 0 0 0 1 0 0 0 1 0 1 0
0 0 0 0 1 0 0 0 0 1 1 0
0 0 0 0 0 1 1 0 0 0 0 1
0 0 0 0 0 1 0 1 0 0 0 1
0 0 0 0 0 0 1 1 0 0 0 1
0 0 0 0 0 0 0 0 1 1 1 0

Graph 20, order 12.
0 1 1 1 0 0 0 0 0 0 0 0
1 0 1 1 0 0 0 0 0 0 0 0
1 1 0 0 1 0 0 0 0 0 0 0
1 1 0 0 0 1 0 0 0 0 0 0
0 0 1 0 0 0 1 1 0 0 0 0
0 0 0 1 0 0 0 0 1 1 0 0
0 0 0 0 1 0 0 0 1 0 1 0
0 0 0 0 1 0 0 0 0 1 0 1
0 0 0 0 0 1 1 0 0 0 1 0
0 0 0 0 0 1 0 1 0 0 0 1
0 0 0 0 0 0 1 0 1 0 0 1
0 0 0 0 0 0 0 1 0 1 1 0
